00101100100011011001000010100100011010000011001000010100100011010010001100010;
00000110010000101001000110100100011000000011001000010100100011010010001100010;
00100110100010001000010100100010000011001000010100100011010010001100010000000;
10111100000011001000010100100011010010001100010001101001000110100100011000101;
10100101000000011001000010100100011010010001100010000000000000000000000000000;
10010000100001010010001101011000000000000000000000000000000000000000000000000;
10010001100001011100100010000011001000010100100011010010001100010000000000000;
00000110010000101001000110100100011000100000000000000000000000000000000000000;
00101100100000011001000010100100011010010001100010000000000000000000000000000;
00110110010000101001000110100000000000000000000000000000000000000000000000000;
00000110010000101001000110100100011000000011001000010100100011010010001100010;
01010101010100000000000000000000000000000000000000000000000000000000000000000;
01110010000101001000110100010000001100100001010010001101001000110001000000000;
00000000000000000000000000000000000000000000000000000000000000000000000000000;
10110001000010100100011011010010000011001000010100100011010010001100010000000;
00011000100000000000000000000000000000000000000000000000000000000000000000000;
10010010000100000000011001000010100100011010010001100010000000000000000000000;
10100100011011000110100100000000000000000000000000000000000000000000000000000;
00000110010001010010001101001000110001000000000000000000000000000000000000000;
00000110010000101001000110100100011000100000000000000000000000000000000000000;
00000110010000101001000110100100011000100000000000000000000000000000000000000;